00000000000111111111100000000000
00000000000111111111100000000000
00000000000111111111100000000000
00000000000111111111100000000000
00000000000111111111100000000000
00000000000111111111100000000000
00000000000111111111100000000000
00000000000111111111100000000000
00000000000111111111100000000000
00000000000111111111100000000000
00000000000111111111100000000000
00000000000111111111100000000000
00000000000111111111100000000000
00000000000111111111100000000000
00000000000111111111100000000000
00000000000111111111100000000000
00000000000111111111100000000000
00000000000111111111100000000000
00000000000111111111100000000000
00000000000111111111100000000000
00000000000111111111100000000000
00000000000111111111100000000000
00000000000111111111100000000000
00000000000111111111100000000000
00000000000111111111100000000000
00000000000111111111100000000000
00000000000111111111100000000000
00000000000111111111100000000000
00000000000111111111100000000000
00000000000111111111100000000000
00000000000111111111100000000000
00000000000111111111100000000000